4289383,0.038232
4289383,0.03799
4289383,0.038089
48670838,0.429125
48670838,0.433045
48670838,0.436671
40050135,0.365794
40050135,0.367371
40050135,0.362619
53910521,0.494822
53910521,0.486295
53910521,0.479724
63288768,0.561476
63288768,0.561999
63288768,0.560388
23143042,0.205778
23143042,0.206394
23143042,0.204882
40007496,0.353487
40007496,0.354477
40007496,0.354008
82887844,0.732663
82887844,0.733287
82887844,0.734395
8095511,0.072073
8095511,0.072661
8095511,0.072637
82614141,0.736556
82614141,0.732891
82614141,0.73494
71484620,0.636069
71484620,0.636112
71484620,0.629706
3423610,0.031159
3423610,0.030366
3423610,0.030852
28554177,0.25108
28554177,0.253083
28554177,0.254578
38513652,0.341957
38513652,0.029588
38513652,0.340754
30303269,0.270375
30303269,0.269027
30303269,0.269097
46549009,0.416091
46549009,0.415285
46549009,0.416029
89704392,0.529218
89704392,0.796104
89704392,0.797897
31115291,0.279861
31115291,0.275376
31115291,0.278879
96571858,0.857272
96571858,0.860694
96571858,0.859798
14447535,0.12731
14447535,0.129069
14447535,0.130395
51019823,0.452705
51019823,0.456024
51019823,0.453046
83133147,0.739907
83133147,0.740521
83133147,0.740134
82665854,0.73294
82665854,0.736638
82665854,0.733152
67754467,0.60766
67754467,0.617137
67754467,0.608364
2037179,0.018397
2037179,0.018379
2037179,0.018382
1414000,0.012515
1414000,0.012932
1414000,0.012873
84525340,0.769301
84525340,0.768529
84525340,0.755845
94015184,0.836267
94015184,0.85237
94015184,0.849257
52461304,0.472183
52461304,0.463889
52461304,0.472613
52862742,0.471124
52862742,0.467938
52862742,0.471866
96886790,0.875451
96886790,0.870212
96886790,0.863034
46740440,0.413393
46740440,0.41608
46740440,0.415387
63404653,0.567292
63404653,0.563981
63404653,0.57079
8705344,0.079721
8705344,0.079203
8705344,0.079551
93625510,0.836741
93625510,0.837065
93625510,0.053426
85429751,0.766477
85429751,0.769048
85429751,0.771067
98238350,0.885052
98238350,0.877642
98238350,0.886443
8829599,0.077909
8829599,0.079424
8829599,0.07895
19985657,0.177536
19985657,0.176749
19985657,0.177189
55841057,0.491421
55841057,0.082785
55841057,0.495122
30495150,0.271848
30495150,0.276748
30495150,0.277313
34328215,0.305006
34328215,0.304309
34328215,0.311952
57816873,0.512393
57816873,0.516276
57816873,0.525918
24892146,0.226839
24892146,0.226892
24892146,0.222091
52913883,0.478951
52913883,0.481634
52913883,0.480731
63439002,0.564968
63439002,0.577972
63439002,0.577094
85805479,0.783659
85805479,0.770849
85805479,0.784801
4328424,0.03935
4328424,0.039696
4328424,0.039562
33480930,0.301063
33480930,0.306055
33480930,0.305843
53122384,0.470266
53122384,0.469022
53122384,0.212919
74444214,0.66232
74444214,0.667953
74444214,0.678721
94865707,0.862882
94865707,0.862367
94865707,0.854803
64332847,0.586552
64332847,0.577667
64332847,0.583761
3058708,0.028171
3058708,0.028047
3058708,0.027895
54056515,0.487404
54056515,0.495528
54056515,0.375475
64818079,0.577051
64818079,0.575027
64818079,0.574296
75736798,0.444136
75736798,0.69184
75736798,0.690818
99257075,0.877247
99257075,0.060612
99257075,0.877317
39989877,0.364775
39989877,0.364481
39989877,0.36163
16013208,0.14757
16013208,0.146134
16013208,0.14869
31822684,0.288778
31822684,0.287275
31822684,0.281859
9860820,0.088717
9860820,0.090075
9860820,0.090419
70132299,0.619724
70132299,0.621499
70132299,0.621786
67033282,0.595506
67033282,0.597557
67033282,0.593348
97925538,0.867306
97925538,0.868101
97925538,0.868693
37259192,0.330814
37259192,0.330186
37259192,0.330646
6657101,0.058747
6657101,0.059554
6657101,0.0592
75522047,0.668108
75522047,0.668332
75522047,0.669723
59968203,0.533412
59968203,0.532837
59968203,0.535496
50651654,0.454554
50651654,0.45796
50651654,0.113346
12208942,0.112079
12208942,0.110265
12208942,0.110095
16996406,0.155562
16996406,0.157092
16996406,0.156477
18246543,0.168475
18246543,0.16749
18246543,0.167868
98462970,0.909558
98462970,0.906026
98462970,0.905207
59657972,0.551324
59657972,0.551675
59657972,0.550539
45531709,0.419562
45531709,0.416702
45531709,0.418226
63206130,0.578003
63206130,0.577935
63206130,0.579033
81868995,0.749757
81868995,0.75043
81868995,0.752385
27999865,0.258405
27999865,0.258308
27999865,0.258372
24485400,0.224715
24485400,0.225191
24485400,0.226136
68164506,0.623901
68164506,0.621137
68164506,0.626247
79025944,0.722631
79025944,0.72346
79025944,0.723015
61614085,0.565776
61614085,0.565402
61614085,0.56347
78708672,0.721146
78708672,0.478072
78708672,0.720247
90328237,0.831781
90328237,0.831468
90328237,0.829747
10588415,0.096948
10588415,0.098037
10588415,0.098163
29071736,0.26757
29071736,0.265962
29071736,0.265703
60779827,0.561612
60779827,0.56118
60779827,0.55773
9154703,0.085116
9154703,0.084093
9154703,0.084312
30551527,0.281612
30551527,0.281662
30551527,0.28271
55754401,0.515144
55754401,0.512549
55754401,0.515944
24283429,0.224677
24283429,0.224772
24283429,0.222454
71783278,0.662169
71783278,0.661558
71783278,0.662804
6207968,0.056884
6207968,0.057637
6207968,0.057363
38283916,0.352326
38283916,0.352848
38283916,0.351406
78132468,0.717333
78132468,0.716051
78132468,0.716999
19177482,0.176131
19177482,0.177239
19177482,0.176434
17970493,0.165975
17970493,0.163795
17970493,0.163715
87677524,0.56072
87677524,0.804922
87677524,0.806784
35049871,0.322554
35049871,0.32304
35049871,0.322253
20941407,0.192731
20941407,0.193406
20941407,0.193608
13742518,0.126245
13742518,0.126778
13742518,0.126613
7800841,0.071968
7800841,0.072315
7800841,0.07267
81436614,0.749617
81436614,0.749397
81436614,0.750758
48171255,0.441888
48171255,0.441385
48171255,0.442082
93878611,0.859677
93878611,0.862073
93878611,0.858248
5889669,0.053829
5889669,0.054075
5889669,0.054049
13969128,0.127929
13969128,0.127507
13969128,0.128108
11201130,0.102614
11201130,0.102763
11201130,0.102508
60495169,0.551419
60495169,0.554123
60495169,0.553717
15365223,0.140631
15365223,0.140808
15365223,0.140673
13348972,0.12187
13348972,0.122163
13348972,0.121921
86402019,0.788223
86402019,0.788285
86402019,0.789256
65166617,0.594515
65166617,0.594443
65166617,0.596141
22934532,0.210082
22934532,0.20928
22934532,0.20957
41408395,0.378724
41408395,0.378999
41408395,0.379396
74478629,0.681972
74478629,0.68064
74478629,0.684366
92653553,0.85009
92653553,0.845955
92653553,0.847756
1458548,0.013588
1458548,0.013369
1458548,0.013355
12216158,0.1123
12216158,0.112392
12216158,0.112244
43901171,0.401395
43901171,0.401888
43901171,0.401241
22384439,0.203837
22384439,0.204054
22384439,0.20424
34392578,0.314133
34392578,0.313737
34392578,0.314496
84835158,0.774668
84835158,0.774404
84835158,0.781045
85680054,0.787429
85680054,0.785436
85680054,0.785254
16390617,0.148707
16390617,0.148832
16390617,0.149508
76795260,0.704836
76795260,0.706135
76795260,0.704318
9628879,0.089215
9628879,0.088566
9628879,0.088686
43375895,0.398634
43375895,0.398118
43375895,0.397472
93858774,0.860213
93858774,0.865521
93858774,0.867192
92773416,0.852768
92773416,0.848554
92773416,0.853995
31617554,0.291589
31617554,0.292992
31617554,0.293135
97224063,0.894765
97224063,0.891844
97224063,0.890383
44514103,0.408787
44514103,0.409721
44514103,0.408365
7801909,0.071551
7801909,0.071451
7801909,0.071477
59814736,0.545335
59814736,0.55011
59814736,0.554471
29611135,0.273807
29611135,0.272626
29611135,0.272276
57118831,0.525025
57118831,0.52442
57118831,0.523317
6577118,0.060133
6577118,0.059918
6577118,0.060676
89840505,0.823276
89840505,0.641358
89840505,0.82333
65086118,0.595481
65086118,0.595916
65086118,0.594175
31082369,0.2845
31082369,0.285039
31082369,0.284079
437337,0.00402
437337,0.004037
437337,0.004137
34791908,0.317793
34791908,0.318168
34791908,0.3184
6824701,0.062332
6824701,0.062857
6824701,0.062577
27973603,0.25547
27973603,0.256401
27973603,0.256081
82662269,0.756894
82662269,0.755872
82662269,0.755349
84998470,0.784968
84998470,0.778254
84998470,0.779806
8014265,0.07301
8014265,0.07335
8014265,0.073407
92356475,0.844158
92356475,0.845643
92356475,0.644752
93626879,0.85724
93626879,0.855729
93626879,0.854554
17115154,0.156609
17115154,0.156997
17115154,0.157092
14711803,0.134248
14711803,0.133391
14711803,0.134322
206215,0.001885
206215,0.001991
206215,0.001892
62974700,0.578408
62974700,0.579302
62974700,0.578249
44335121,0.405498
44335121,0.406982
44335121,0.406018
33064792,0.302885
33064792,0.302928
33064792,0.302325
64215850,0.585743
64215850,0.585867
64215850,0.58843
72993322,0.671989
72993322,0.670226
72993322,0.667392
46222673,0.423417
46222673,0.426032
46222673,0.42588
49478532,0.452506
49478532,0.454063
49478532,0.454665
38390078,0.026232
38390078,0.350877
38390078,0.349888
99168908,0.90848
99168908,0.908058
99168908,0.90859
82506348,0.755915
82506348,0.756563
82506348,0.753209
38105614,0.347715
38105614,0.347893
38105614,0.348124
49862469,0.455335
49862469,0.456064
49862469,0.458057
84478936,0.775148
84478936,0.772744
84478936,0.773925
51825884,0.47532
51825884,0.47308
51825884,0.474208
89599622,0.820508
89599622,0.821266
89599622,0.820008
55751027,0.510451
55751027,0.510856
55751027,0.508764
20058487,0.183285
20058487,0.184122
20058487,0.184191
50100445,0.458763
50100445,0.459804
50100445,0.459611
41153908,0.376873
41153908,0.376548
41153908,0.377732
59471526,0.547368
59471526,0.545006
59471526,0.544549
99972286,0.915737
99972286,0.102037
99972286,0.914787
41873460,0.383476
41873460,0.385753
41873460,0.386007
9061995,0.082386
9061995,0.082371
9061995,0.083056
98580371,0.900184
98580371,0.904562
98580371,0.905084
74380107,0.681731
74380107,0.680382
74380107,0.684426
49050678,0.448346
49050678,0.449968
49050678,0.448439
20580137,0.188012
20580137,0.18897
20580137,0.188657
90494752,0.829013
90494752,0.831897
90494752,0.829497
69732814,0.641789
69732814,0.635789
69732814,0.640337
1852931,0.017008
1852931,0.017068
1852931,0.016549
84284379,0.773875
84284379,0.774975
84284379,0.777318
16587212,0.15249
16587212,0.15253
16587212,0.152288
14860723,0.135218
14860723,0.136147
14860723,0.136867
15408174,0.142861
15408174,0.142908
15408174,0.142777
44404333,0.405872
44404333,0.405852
44404333,0.404907
73133895,0.66996
73133895,0.033694
73133895,0.670875
62476550,0.571522
62476550,0.570471
62476550,0.570371
46500838,0.426253
46500838,0.427579
46500838,0.426153
65899462,0.605456
65899462,0.60364
65899462,0.60187
1554153,0.014313
1554153,0.014506
1554153,0.014338
3374115,0.030229
3374115,0.031285
3374115,0.031034
59393886,0.544048
59393886,0.544738
59393886,0.543478
29606109,0.008489
29606109,0.272553
29606109,0.27136
35148266,0.322751
35148266,0.322693
35148266,0.324356
18853947,0.17348
18853947,0.174014
18853947,0.172136
30438957,0.279492
30438957,0.281002
30438957,0.280063
1304586,0.01187
1304586,0.012298
1304586,0.012018
47308302,0.435593
47308302,0.435085
47308302,0.435115
79305504,0.731736
79305504,0.728196
79305504,0.728835
67235965,0.616419
67235965,0.617162
67235965,0.61648
49488734,0.45157
49488734,0.452182
49488734,0.45542
58197660,0.535888
58197660,0.531382
58197660,0.535845
87690829,0.80294
87690829,0.801223
87690829,0.805815
20217367,0.18576
20217367,0.184727
20217367,0.18518
61955066,0.566367
61955066,0.564743
61955066,0.567165
50922229,0.467057
50922229,0.463644
50922229,0.464896
75875954,0.694404
75875954,0.693069
75875954,0.699695
84156733,0.778223
84156733,0.774409
84156733,0.112328
40428960,0.371339
40428960,0.369473
40428960,0.370398
80387444,0.735353
80387444,0.734957
80387444,0.732994
57738538,0.527355
57738538,0.529723
57738538,0.529886
15012711,0.137285
15012711,0.136655
15012711,0.138273
4399762,0.040116
4399762,0.040202
4399762,0.040645
27586365,0.253293
27586365,0.252139
27586365,0.253364
89496307,0.817342
89496307,0.820794
89496307,0.81937
72749705,0.663791
72749705,0.664839
72749705,0.665204
8886201,0.080872
8886201,0.081227
8886201,0.081471
74487774,0.682086
74487774,0.680719
74487774,0.682828
34604463,0.316857
34604463,0.31512
34604463,0.090053
10885284,0.099968
10885284,0.100437
10885284,0.099242
65921777,0.60726
65921777,0.602826
65921777,0.602971
77640019,0.709078
77640019,0.711529
77640019,0.713473
62839890,0.288032
62839890,0.575784
62839890,0.573853
23568469,0.215209
23568469,0.215794
23568469,0.215549
55160931,0.503558
55160931,0.503501
55160931,0.503211
75116069,0.687872
75116069,0.687034
75116069,0.687475
33248564,0.3036
33248564,0.304128
33248564,0.303869
61802382,0.567148
61802382,0.563814
61802382,0.567492
24299538,0.221467
24299538,0.221964
24299538,0.222212
5357953,0.049256
5357953,0.048759
5357953,0.049178
54784728,0.50328
54784728,0.501862
54784728,0.502959
99044873,0.261241
99044873,0.90716
99044873,0.906908
49663444,0.452935
49663444,0.454174
49663444,0.453909
27335655,0.249565
27335655,0.250657
27335655,0.24956
84152836,0.76828
84152836,0.769418
84152836,0.77035
81218316,0.743234
81218316,0.744287
81218316,0.743895
90850244,0.828551
90850244,0.833031
90850244,0.831558
42311141,0.387162
42311141,0.018834
42311141,0.386978
9771281,0.089555
9771281,0.090267
9771281,0.089764
18397195,0.169021
18397195,0.167901
18397195,0.168213
40712901,0.372244
40712901,0.371917
40712901,0.373474
96334172,0.882371
96334172,0.883595
96334172,0.882397
79076313,0.721715
79076313,0.725729
79076313,0.7268
15941221,0.145104
15941221,0.146338
15941221,0.146197
63861037,0.584883
63861037,0.583067
63861037,0.585066
46312007,0.427573
46312007,0.428051
46312007,0.425133
66896380,0.616957
66896380,0.612696
66896380,0.611349
88846169,0.814794
88846169,0.812251
88846169,0.813294
53411676,0.488878
53411676,0.493556
53411676,0.491349
2493359,0.022856
2493359,0.02289
2493359,0.02298
27480271,0.25412
27480271,0.253345
27480271,0.253739
86914373,0.80124
86914373,0.800234
86914373,0.797653
71865295,0.661862
71865295,0.659649
71865295,0.657713
77980834,0.716679
77980834,0.714299
77980834,0.714849
5693427,0.051771
5693427,0.0519
5693427,0.052504
42589,0.000432
42589,0.000492
42589,0.000398
41183345,0.380242
41183345,0.376825
41183345,0.377399
49056753,0.451355
49056753,0.454444
49056753,0.451844
79761241,0.732277
79761241,0.733302
79761241,0.730105
76966852,0.706558
76966852,0.704938
76966852,0.707179
16206086,0.149069
16206086,0.150049
16206086,0.150638
69295664,0.63999
69295664,0.637165
69295664,0.635554
72335104,0.667305
72335104,0.667532
72335104,0.66601
77354565,0.711164
77354565,0.715905
77354565,0.711962
35148190,0.325768
35148190,0.324311
35148190,0.32071
46436465,0.424727
46436465,0.423739
46436465,0.42516
37279356,0.340888
37279356,0.341807
37279356,0.342791
78981469,0.727149
78981469,0.728306
78981469,0.730634
79291527,0.723984
79291527,0.726981
79291527,0.726376
12430045,0.114772
12430045,0.115285
12430045,0.114851
25454501,0.233812
25454501,0.233511
25454501,0.233087
79659993,0.728076
79659993,0.729537
79659993,0.734363
55176648,0.50632
55176648,0.510436
55176648,0.506844
99910963,0.916252
99910963,0.920185
99910963,0.922799
94904708,0.866722
94904708,0.86755
94904708,0.870052
19806768,0.182191
19806768,0.183845
19806768,0.183419
97830332,0.895079
97830332,0.894779
97830332,0.900097
16409495,0.151667
16409495,0.151631
16409495,0.150037
51900430,0.477983
51900430,0.479197
51900430,0.479568
44926705,0.41428
44926705,0.415133
44926705,0.41478
43401396,0.400701
43401396,0.401339
43401396,0.400784
25671627,0.237106
25671627,0.237069
25671627,0.236835
6223261,0.057732
6223261,0.057812
6223261,0.057492
40797021,0.376244
40797021,0.37702
40797021,0.37762
29766134,0.274713
29766134,0.274251
29766134,0.275107
83833724,0.775824
83833724,0.775356
83833724,0.774732
40031420,0.368977
40031420,0.369994
40031420,0.369625
52322603,0.484213
52322603,0.482443
52322603,0.484211
89864384,0.829607
89864384,0.539405
89864384,0.828851
39705128,0.366111
39705128,0.366702
39705128,0.366639
31218280,0.287935
31218280,0.288218
31218280,0.288429
60397066,0.558809
60397066,0.557948
60397066,0.557736
85523438,0.791887
85523438,0.790519
85523438,0.789041
47965017,0.438923
47965017,0.441025
47965017,0.437423
38204455,0.350464
38204455,0.348443
38204455,0.349216
79453065,0.728107
79453065,0.727317
79453065,0.728079
76893401,0.707199
76893401,0.706994
76893401,0.705366
67322995,0.619363
67322995,0.616944
67322995,0.615516
74662615,0.367696
74662615,0.687141
74662615,0.685811
95669054,0.877141
95669054,0.878709
95669054,0.88069
95892307,0.877736
95892307,0.144998
95892307,0.885277
92883993,0.85566
92883993,0.855131
92883993,0.857204
27317493,0.213763
27317493,0.25198
27317493,0.252742
1653037,0.015357
1653037,0.015263
1653037,0.015301
61263434,0.564426
61263434,0.562734
61263434,0.562546
56403036,0.520112
56403036,0.518055
56403036,0.516851
13005297,0.120035
13005297,0.11997
13005297,0.120157
84399420,0.774871
84399420,0.22634
84399420,0.775406
68179514,0.630264
68179514,0.630336
68179514,0.627612
95534732,0.87834
95534732,0.878002
95534732,0.875439
12714168,0.116672
12714168,0.117043
12714168,0.116803
5810087,0.052936
5810087,0.053264
5810087,0.053814
81914412,0.75594
81914412,0.753875
81914412,0.752526
64847075,0.593665
64847075,0.596323
64847075,0.593596
9317306,0.085519
9317306,0.085552
9317306,0.085769
14964169,0.13755
14964169,0.137482
14964169,0.137772
783214,0.007043
783214,0.007224
783214,0.007315
21735430,0.199671
21735430,0.199898
21735430,0.200536
70584724,0.646047
70584724,0.64884
70584724,0.649398
30517209,0.279523
30517209,0.279485
30517209,0.280608
27957820,0.256926
27957820,0.25717
27957820,0.255167
25612025,0.233689
25612025,0.235066
25612025,0.235284
21576569,0.198285
21576569,0.197622
21576569,0.197399
20958251,0.192427
20958251,0.19206
20958251,0.191948
3609638,0.032759
3609638,0.03306
3609638,0.033239
34413232,0.314536
34413232,0.314517
34413232,0.314549
44775836,0.410919
44775836,0.40971
44775836,0.409921
82513930,0.752645
82513930,0.752116
82513930,0.754687
71860269,0.657266
71860269,0.658429
71860269,0.657875
46436482,0.424392
46436482,0.425934
46436482,0.426075
48574752,0.447229
48574752,0.446546
48574752,0.444387
96673732,0.889395
96673732,0.890594
96673732,0.886532
61183825,0.559054
61183825,0.561695
61183825,0.562
27440423,0.250838
27440423,0.252975
27440423,0.252115
54276454,0.498006
54276454,0.49638
54276454,0.498828
63952852,0.586286
63952852,0.586221
63952852,0.591282
29666729,0.272909
29666729,0.271109
29666729,0.273621
43061298,0.396997
43061298,0.397573
43061298,0.397006
41479811,0.379319
41479811,0.379124
41479811,0.379128
76021725,0.698756
76021725,0.697408
76021725,0.703105
30528483,0.281038
30528483,0.281006
30528483,0.281382
64219512,0.590801
64219512,0.589758
64219512,0.588639
35425658,0.327397
35425658,0.32819
35425658,0.326309
46826979,0.433828
46826979,0.433116
46826979,0.431761
49655951,0.198013
49655951,0.456413
49655951,0.457282
35207249,0.321887
35207249,0.323618
35207249,0.322725
57547848,0.527491
57547848,0.528814
57547848,0.529611
98165367,0.895608
98165367,0.89989
98165367,0.898646
25103012,0.232424
25103012,0.230442
25103012,0.2295
86005770,0.786727
86005770,0.787722
86005770,0.787447
37285638,0.340923
37285638,0.339907
37285638,0.341053
19437765,0.178908
19437765,0.179082
19437765,0.177904
44306596,0.406427
44306596,0.231427
44306596,0.405364
25461942,0.232684
25461942,0.233815
25461942,0.231922
32405911,0.295846
32405911,0.295895
32405911,0.296232
88819573,0.813688
88819573,0.312705
88819573,0.815456
49847505,0.455447
49847505,0.456685
49847505,0.455737
72557900,0.665977
72557900,0.278179
72557900,0.663194
87479457,0.800707
87479457,0.80711
87479457,0.579854
64361969,0.590649
64361969,0.592405
64361969,0.595347
27378565,0.251659
27378565,0.252077
27378565,0.208936
71674791,0.662458
71674791,0.661841
71674791,0.659037
11933883,0.108652
11933883,0.109078
11933883,0.109313
33851490,0.309267
33851490,0.31039
33851490,0.309563
84603686,0.775135
84603686,0.775602
84603686,0.774886
36980722,0.339487
36980722,0.341049
36980722,0.340764
18571847,0.170129
18571847,0.170332
18571847,0.169938
99374515,0.894005
99374515,0.895719
99374515,0.899237
54020118,0.497928
54020118,0.488168
54020118,0.495001
36536092,0.332305
36536092,0.336187
36536092,0.3345
77673220,0.705498
77673220,0.187524
77673220,0.714726
73740920,0.676458
73740920,0.667944
73740920,0.676766
30383628,0.278027
30383628,0.277506
30383628,0.279841
71072333,0.64641
71072333,0.646214
71072333,0.644398
78606469,0.700028
78606469,0.711743
78606469,0.714164
34848079,0.312267
34848079,0.315707
34848079,0.313512
56288856,0.508743
56288856,0.505695
56288856,0.499331
59703836,0.529604
59703836,0.528786
59703836,0.532414
88469273,0.784936
88469273,0.803582
88469273,0.805274
18883404,0.16898
18883404,0.170381
18883404,0.173562
8720884,0.07971
8720884,0.080282
8720884,0.080567
34776162,0.30911
34776162,0.308074
34776162,0.309061
37936766,0.339977
37936766,0.338407
37936766,0.338431
68445543,0.606565
68445543,0.610668
68445543,0.605175
69815357,0.617543
69815357,0.621452
69815357,0.619878
40128468,0.364004
40128468,0.361622
40128468,0.356994
57330609,0.507652
57330609,0.506707
57330609,0.507492
93956550,0.830054
93956550,0.833437
93956550,0.83359
64851983,0.572837
64851983,0.576377
64851983,0.574549
21290656,0.188274
21290656,0.189715
21290656,0.189779
29391335,0.262986
29391335,0.263325
29391335,0.269335
91940324,0.839047
91940324,0.838782
91940324,0.835996
69136216,0.629273
69136216,0.62722
69136216,0.627133
70414184,0.4218
70414184,0.619967
70414184,0.640449
15100175,0.13563
15100175,0.136181
15100175,0.137011
70599874,0.637398
70599874,0.630489
